test_loss: 0.133380
test_accuracy: 0.969325
