test_loss: 0.074388
test_accuracy: 0.984663
