test_loss: 0.126743
test_accuracy: 0.966258
